x <- 30000000000
y <- 9
x + y